(
((1208, 894), (1208, 980)),
((1371, 865), (1399, 953)),
((1485, 782), (1574, 782)),
((1511, 686), (1474, 774)),
((1422, 771), (1418, 676)),
((1220, 694), (1225, 781)),
((1016, 709), (1016, 796)),
((919, 673), (837, 745)),
((919, 673), (830, 672)),
((919, 673), (915, 562)),
((1163, 548), (1163, 631)),
((1632, 628), (1632, 524)),
((1632, 628), (1718, 567)),
((1632, 628), (1734, 661)),
((1752, 844), (1645, 850)),
((1752, 844), (1703, 935)),
((1788, 824), (1795, 936)),
((1788, 824), (1875, 833)),
((1791, 549), (1874, 553)),
((1720, 139), (1834, 131)),
((1720, 139), (1781, 57)),
((1720, 139), (1713, 46)),
((1720, 139), (1629, 83)),
((1720, 139), (1627, 159)),
((1710, 337), (1624, 296)),
((1552, 357), (1675, 396)),
((1552, 357), (1552, 443)),
((1552, 357), (1434, 394)),
((1420, 268), (1516, 268)),
((1405, 165), (1519, 165)),
((1405, 165), (1490, 88)),
((1405, 165), (1405, 79)),
((1405, 165), (1305, 93)),
((1405, 165), (1265, 177)),
((1355, 281), (1265, 285)),
((1207, 370), (1354, 362)),
((1207, 370), (1331, 426)),
((1207, 370), (1207, 451)),
((1207, 370), (1094, 427)),
((1207, 370), (1052, 370)),
((1127, 237), (1042, 242)),
((1004, 153), (1127, 146)),
((1004, 153), (1084, 73)),
((1004, 153), (1004, 99)),
((1004, 153), (888, 103)),
((1004, 153), (875, 172)),
((975, 245), (888, 245)),
((848, 305), (977, 302)),
((848, 305), (958, 368)),
((848, 305), (861, 391)),
((848, 305), (730, 364)),
((848, 305), (666, 292)),
((735, 193), (639, 199)),
((595, 162), (635, 76)),
((460, 142), (470, 57)),
((263, 200), (263, 63)),
((263, 200), (204, 103)),
((263, 200), (173, 200)),
((263, 200), (187, 271)),
((263, 200), (265, 312)),
((389, 227), (371, 316)),
((417, 344), (481, 255)),
((417, 344), (515, 344)),
((417, 344), (484, 427)),
((358, 456), (358, 370)),
((318, 478), (318, 377)),
((318, 478), (232, 395)),
((318, 478), (221, 478)),
((318, 478), (246, 552)),
((318, 478), (318, 598)),
((402, 492), (437, 584)),
((516, 447), (550, 539)),
((677, 536), (662, 425)),
((677, 536), (737, 453)),
((677, 536), (779, 532)),
((677, 536), (762, 604)),
((677, 536), (704, 676)),
((621, 726), (588, 632)),
((496, 750), (496, 654)),
((407, 758), (407, 670)),
((347, 819), (283, 697)),
((347, 819), (259, 819)),
((347, 819), (259, 891)),
((347, 854), (347, 962)),
((496, 906), (481, 808)),
((604, 861), (553, 776)),
((604, 861), (669, 776)),
((604, 861), (703, 856)),
((711, 912), (616, 976)),
((711, 912), (697, 998)),
((810, 889), (810, 981))
)